Id,SalePrice
1461,109155.67
1462,129830.48
1463,159140.52
1464,161926.1
1465,175797.45
1466,154285.3
1467,141295.77
1468,146731.25
1469,160190.45
1470,109254.58
1471,157307.56
1472,87716.305
1473,88000.55
1474,135367.11
1475,128425.25
1476,313888.5
1477,221907.38
1478,269041.5
1479,195209.05
1480,429326.4
1481,257465.45
1482,177484.22
1483,150826.39
1484,147856.0
1485,151345.58
1486,177897.3
1487,274929.3
1488,213934.11
1489,165985.34
1490,172070.94
1491,164990.44
1492,96271.7
1493,141764.9
1494,248994.34
1495,251813.14
1496,189977.62
1497,169731.98
1498,139681.36
1499,137996.61
1500,134414.81
1501,148504.81
1502,142131.5
1503,235865.38
1504,194873.55
1505,189366.8
1506,166295.3
1507,203086.55
1508,179466.75
1509,149200.2
1510,129546.7
1511,129178.1
1512,139113.98
1513,125970.51
1514,132968.55
1515,147916.27
1516,136363.53
1517,126630.375
1518,112072.266
1519,169987.77
1520,121658.88
1521,123756.14
1522,141429.81
1523,101727.1
1524,111906.96
1525,111568.555
1526,114150.57
1527,91611.76
1528,107914.086
1529,121669.09
1530,144277.92
1531,110289.664
1532,96806.58
1533,116034.14
1534,99633.12
1535,135997.88
1536,108501.164
1537,73374.32
1538,166907.7
1539,130272.79
1540,98954.52
1541,124314.47
1542,118784.67
1543,180056.64
1544,76516.05
1545,90124.94
1546,106476.39
1547,118743.664
1548,113723.53
1549,100748.02
1550,125974.336
1551,97551.305
1552,109087.08
1553,126038.555
1554,101133.96
1555,153555.33
1556,95088.27
1557,109895.34
1558,84884.46
1559,88918.72
1560,130368.03
1561,119742.43
1562,107335.43
1563,105807.625
1564,136604.9
1565,129233.64
1566,183385.56
1567,73892.55
1568,200432.28
1569,128319.0
1570,111727.055
1571,112617.984
1572,124181.87
1573,183361.0
1574,97734.25
1575,175825.98
1576,187067.66
1577,163184.47
1578,133627.8
1579,120490.51
1580,160177.39
1581,119562.69
1582,114563.41
1583,260250.88
1584,203458.17
1585,125351.25
1586,70706.37
1587,91146.95
1588,123916.62
1589,85152.78
1590,116209.73
1591,92697.164
1592,104321.9
1593,108578.22
1594,109622.1
1595,105158.25
1596,203413.47
1597,151820.03
1598,165829.27
1599,165300.89
1600,160205.9
1601,68303.14
1602,93790.766
1603,84373.65
1604,240089.55
1605,203772.6
1606,137072.47
1607,133112.25
1608,179460.23
1609,158781.3
1610,142364.95
1611,119230.09
1612,134331.62
1613,125735.336
1614,102670.91
1615,80326.36
1616,72715.91
1617,80750.74
1618,107916.83
1619,112085.82
1620,119346.19
1621,114996.84
1622,128612.984
1623,253132.39
1624,167777.84
1625,113915.82
1626,137733.16
1627,160971.36
1628,232986.61
1629,154284.64
1630,332576.0
1631,200579.7
1632,215839.61
1633,147710.75
1634,153827.28
1635,155783.19
1636,139518.48
1637,151969.45
1638,193604.25
1639,156859.81
1640,216792.0
1641,162387.52
1642,195098.66
1643,193882.25
1644,195637.88
1645,162215.34
1646,130932.516
1647,151157.12
1648,119532.53
1649,115243.51
1650,104612.13
1651,103256.55
1652,88795.05
1653,86152.16
1654,131927.02
1655,139258.0
1656,130397.555
1657,131531.06
1658,132034.45
1659,131572.92
1660,128045.7
1661,392544.75
1662,348458.84
1663,325258.72
1664,389734.28
1665,281863.56
1666,257482.47
1667,293339.78
1668,292329.38
1669,268769.53
1670,289794.66
1671,228282.19
1672,418014.66
1673,260422.55
1674,223308.17
1675,155316.11
1676,155331.47
1677,172078.92
1678,375665.75
1679,341204.4
1680,270151.66
1681,228019.42
1682,262238.0
1683,165963.16
1684,152366.45
1685,153982.31
1686,155467.62
1687,149821.52
1688,162227.3
1689,163762.2
1690,155497.05
1691,150889.02
1692,236807.77
1693,149826.97
1694,157413.3
1695,148678.98
1696,225716.2
1697,149284.64
1698,323387.44
1699,281223.62
1700,212897.1
1701,227791.08
1702,223031.03
1703,218553.48
1704,254272.77
1705,204153.25
1706,347849.34
1707,176071.1
1708,173999.94
1709,238291.0
1710,198033.08
1711,218014.66
1712,179179.11
1713,205554.19
1714,188980.39
1715,171504.42
1716,154057.33
1717,141982.47
1718,124155.125
1719,181484.78
1720,218099.22
1721,142299.58
1722,117427.91
1723,128904.09
1724,175805.11
1725,199912.94
1726,168571.67
1727,149940.97
1728,158437.02
1729,143221.05
1730,149749.05
1731,106859.234
1732,109270.195
1733,108307.555
1734,112549.97
1735,113609.625
1736,105753.9
1737,282548.03
1738,184522.5
1739,240305.48
1740,181992.42
1741,150904.19
1742,150363.44
1743,144413.81
1744,252637.92
1745,202620.6
1746,238856.06
1747,191546.2
1748,187671.39
1749,142889.88
1750,130027.03
1751,202090.98
1752,109320.0
1753,115200.12
1754,190663.28
1755,146331.16
1756,109492.266
1757,106936.95
1758,126516.05
1759,137233.7
1760,133403.22
1761,125248.22
1762,136709.84
1763,155067.98
1764,106739.695
1765,137324.95
1766,138656.72
1767,160130.83
1768,122468.75
1769,150213.34
1770,114876.57
1771,123126.77
1772,117754.6
1773,115818.11
1774,114154.67
1775,118495.7
1776,110010.84
1777,101172.85
1778,113656.61
1779,97966.2
1780,146727.45
1781,120802.65
1782,86192.17
1783,110202.44
1784,86674.56
1785,107676.44
1786,141104.05
1787,143810.55
1788,59323.09
1789,91345.1
1790,76104.805
1791,134258.22
1792,124472.24
1793,114300.62
1794,118226.13
1795,121902.78
1796,108175.79
1797,104492.75
1798,109891.63
1799,99798.58
1800,109805.74
1801,107192.25
1802,122807.25
1803,129178.016
1804,117593.875
1805,114447.32
1806,96409.38
1807,124791.164
1808,101829.73
1809,110999.97
1810,124267.23
1811,94216.195
1812,104486.13
1813,103856.414
1814,87573.01
1815,57188.402
1816,87238.41
1817,107999.29
1818,139016.33
1819,96653.95
1820,65981.78
1821,101734.695
1822,127541.42
1823,52947.863
1824,124182.734
1825,110713.625
1826,90896.39
1827,96122.375
1828,121575.695
1829,102165.016
1830,122784.625
1831,138663.58
1832,95967.06
1833,113938.21
1834,106023.22
1835,119107.734
1836,116294.336
1837,88728.016
1838,115702.08
1839,78972.805
1840,119122.805
1841,119426.48
1842,73191.95
1843,121935.14
1844,114852.08
1845,112098.25
1846,136401.05
1847,144540.12
1848,60518.594
1849,102583.66
1850,112501.82
1851,132508.73
1852,112097.36
1853,112360.64
1854,145584.25
1855,132641.02
1856,192682.52
1857,155747.17
1858,127982.77
1859,127659.53
1860,134107.14
1861,127659.53
1862,219697.27
1863,219060.55
1864,219060.55
1865,271334.62
1866,272932.78
1867,214178.72
1868,267918.6
1869,169192.06
1870,215132.92
1871,219931.47
1872,149471.95
1873,197764.52
1874,118910.445
1875,173220.6
1876,166981.06
1877,175532.11
1878,185046.17
1879,117354.22
1880,118729.56
1881,199008.45
1882,221140.06
1883,173678.25
1884,187469.2
1885,224099.11
1886,245895.44
1887,169655.22
1888,234779.48
1889,147421.17
1890,119524.21
1891,119967.586
1892,97266.805
1893,120670.81
1894,112191.17
1895,127791.1
1896,105091.41
1897,100554.23
1898,92347.79
1899,133778.92
1900,136996.77
1901,147725.05
1902,125099.04
1903,179790.9
1904,121083.94
1905,160251.58
1906,141200.81
1907,180624.6
1908,103183.26
1909,121055.016
1910,114966.44
1911,164450.97
1912,225719.3
1913,116551.86
1914,65184.598
1915,253290.9
1916,67638.92
1917,222938.64
1918,113140.34
1919,133631.06
1920,119296.52
1921,328586.47
1922,271897.4
1923,184603.45
1924,190658.47
1925,193812.14
1926,329714.12
1927,115545.43
1928,139402.67
1929,106387.266
1930,106687.38
1931,112484.016
1932,113614.3
1933,140441.75
1934,160917.55
1935,147186.25
1936,161530.7
1937,154695.52
1938,148567.98
1939,214717.33
1940,175517.86
1941,152995.27
1942,165394.08
1943,175657.4
1944,272780.06
1945,332005.38
1946,143830.61
1947,258020.56
1948,155265.64
1949,198262.55
1950,157498.38
1951,231770.47
1952,210799.39
1953,142837.12
1954,178271.23
1955,118671.766
1956,254350.34
1957,145400.88
1958,241699.64
1959,115080.81
1960,103636.17
1961,103935.27
1962,89436.49
1963,91806.27
1964,96387.21
1965,126840.0
1966,138787.44
1967,252867.92
1968,351592.8
1969,340131.7
1970,380464.88
1971,384609.62
1972,321636.06
1973,240861.39
1974,267850.5
1975,384199.66
1976,238276.45
1977,316276.72
1978,334754.9
1979,285569.56
1980,169360.92
1981,292912.47
1982,197435.03
1983,184334.3
1984,154927.05
1985,179155.73
1986,180222.25
1987,154695.03
1988,153710.44
1989,169942.77
1990,188102.88
1991,172094.66
1992,177099.12
1993,150054.4
1994,212374.64
1995,157406.28
1996,221320.55
1997,272758.0
1998,274632.94
1999,223281.77
2000,269335.44
2001,227098.02
2002,198331.33
2003,210917.89
2004,210241.5
2005,205046.31
2006,188726.34
2007,218465.52
2008,164141.86
2009,164374.7
2010,167814.03
2011,130076.0
2012,151048.03
2013,156322.11
2014,162346.67
2015,169234.11
2016,161943.66
2017,177749.2
2018,108091.49
2019,110745.016
2020,101440.62
2021,105722.88
2022,162846.7
2023,121085.03
2024,186157.38
2025,346057.34
2026,157827.69
2027,132462.4
2028,141235.58
2029,147900.92
2030,225356.14
2031,217397.64
2032,230669.77
2033,226669.67
2034,142167.7
2035,177122.05
2036,170463.94
2037,178665.45
2038,277460.47
2039,178099.16
2040,337808.38
2041,229608.12
2042,177769.94
2043,156788.9
2044,161658.44
2045,186117.11
2046,134167.44
2047,124861.82
2048,110356.375
2049,113498.32
2050,160852.88
2051,96396.21
2052,115243.78
2053,127649.01
2054,73292.55
2055,134182.31
2056,114060.35
2057,112543.79
2058,180686.55
2059,113300.2
2060,136569.94
2061,148597.25
2062,122402.5
2063,103977.42
2064,119592.97
2065,109447.375
2066,139036.78
2067,108032.59
2068,115078.07
2069,76647.234
2070,97943.83
2071,82092.88
2072,116115.5
2073,119557.945
2074,152702.83
2075,125411.414
2076,112501.54
2077,125858.875
2078,112755.445
2079,112009.5
2080,105382.96
2081,106413.54
2082,110154.56
2083,118684.086
2084,103569.04
2085,113514.97
2086,93451.66
2087,103620.7
2088,89973.04
2089,81157.02
2090,112134.766
2091,106531.414
2092,113243.86
2093,122388.086
2094,112672.62
2095,125859.89
2096,78717.28
2097,89109.98
2098,125817.98
2099,62530.12
2100,100693.71
2101,108151.1
2102,118160.09
2103,92403.48
2104,119960.37
2105,109311.87
2106,70840.734
2107,181210.92
2108,104622.625
2109,104619.78
2110,112982.445
2111,131767.22
2112,116735.164
2113,101956.24
2114,90329.73
2115,127089.97
2116,101726.0
2117,119240.91
2118,101343.76
2119,93773.44
2120,96728.195
2121,79363.234
2122,89472.13
2123,80223.805
2124,140184.36
2125,112701.05
2126,134244.45
2127,132119.78
2128,107984.195
2129,100476.41
2130,122843.68
2131,132160.69
2132,100146.77
2133,103820.55
2134,102584.555
2135,94629.914
2136,69681.02
2137,102837.61
2138,121905.37
2139,131548.84
2140,114861.22
2141,116290.445
2142,118025.586
2143,116963.266
2144,98299.35
2145,113712.5
2146,133886.52
2147,156910.52
2148,112336.42
2149,118666.91
2150,186100.11
2151,121627.93
2152,135748.23
2153,134543.8
2154,96716.57
2155,105214.17
2156,193875.66
2157,191059.66
2158,202119.23
2159,190528.25
2160,149805.73
2161,217494.45
2162,293388.5
2163,284084.4
2164,222390.83
2165,156263.55
2166,121467.97
2167,175681.95
2168,179400.16
2169,163338.94
2170,187890.34
2171,125628.2
2172,118449.33
2173,140790.12
2174,213133.89
2175,261538.81
2176,253790.75
2177,213131.33
2178,191093.98
2179,124350.74
2180,180742.1
2181,168111.33
2182,189624.56
2183,170714.83
2184,118620.484
2185,109005.414
2186,111144.7
2187,126222.03
2188,135238.47
2189,162672.88
2190,78533.29
2191,79890.695
2192,84808.52
2193,90781.2
2194,92244.48
2195,102711.68
2196,96423.78
2197,96857.41
2198,138737.84
2199,144301.9
2200,116490.89
2201,123940.78
2202,178211.2
2203,149057.16
2204,172624.0
2205,112647.11
2206,120532.13
2207,184363.72
2208,198673.97
2209,181892.97
2210,106483.41
2211,98695.4
2212,95980.08
2213,96171.805
2214,117656.0
2215,90699.766
2216,123761.94
2217,77017.234
2218,74646.93
2219,68923.49
2220,72946.125
2221,253290.9
2222,205101.8
2223,211725.4
2224,172381.9
2225,117988.15
2226,134520.66
2227,174578.92
2228,242031.25
2229,198021.08
2230,142364.95
2231,173752.1
2232,157955.67
2233,147183.88
2234,220916.66
2235,185082.44
2236,246073.25
2237,317691.3
2238,168452.06
2239,109594.19
2240,134937.1
2241,133879.94
2242,115176.84
2243,111464.11
2244,86244.305
2245,83826.32
2246,128002.37
2247,90589.336
2248,107609.94
2249,109349.43
2250,116033.805
2251,105853.58
2252,142447.34
2253,143557.55
2254,154202.88
2255,166103.89
2256,158246.31
2257,165042.62
2258,154633.98
2259,154304.44
2260,121900.09
2261,164995.53
2262,189660.19
2263,278101.16
2264,320171.44
2265,157720.55
2266,239251.28
2267,334583.75
2268,297471.7
2269,139932.19
2270,154389.03
2271,196805.2
2272,179408.52
2273,140495.08
2274,144882.08
2275,146728.64
2276,159556.83
2277,183204.72
2278,126249.305
2279,108162.85
2280,103214.39
2281,135603.52
2282,143056.33
2283,89581.61
2284,97256.36
2285,138051.73
2286,111240.68
2287,298063.28
2288,242915.9
2289,322155.12
2290,375248.53
2291,277075.66
2292,347757.16
2293,382829.6
2294,362816.5
2295,368875.94
2296,242352.39
2297,269555.62
2298,277674.56
2299,338646.9
2300,278476.5
2301,227041.34
2302,198635.84
2303,219463.73
2304,213499.52
2305,154921.77
2306,155173.89
2307,155354.25
2308,201553.62
2309,242300.48
2310,184550.77
2311,169167.84
2312,149270.73
2313,154442.56
2314,154454.77
2315,153152.83
2316,167489.66
2317,155943.58
2318,154369.28
2319,152257.31
2320,157351.7
2321,217545.78
2322,155219.4
2323,148552.6
2324,149298.42
2325,184070.42
2326,149188.25
2327,187699.39
2328,188524.2
2329,158568.53
2330,154313.02
2331,287487.0
2332,377487.6
2333,271484.1
2334,227427.39
2335,226736.17
2336,275521.0
2337,173326.55
2338,235875.5
2339,202512.03
2340,315964.38
2341,185216.4
2342,205397.81
2343,190585.19
2344,199927.23
2345,208256.39
2346,187956.81
2347,173230.4
2348,194110.39
2349,143435.9
2350,219699.61
2351,216260.9
2352,220794.05
2353,195641.67
2354,117277.44
2355,137878.81
2356,128115.57
2357,173178.5
2358,172382.4
2359,116045.88
2360,104018.586
2361,117411.74
2362,220989.89
2363,120200.13
2364,135759.92
2365,191699.1
2366,170611.02
2367,193015.33
2368,174027.69
2369,195252.64
2370,146951.77
2371,151370.16
2372,165170.56
2373,235155.72
2374,257152.38
2375,205520.66
2376,249217.56
2377,310913.16
2378,125143.12
2379,178119.8
2380,122840.586
2381,143818.53
2382,165073.7
2383,180522.67
2384,206080.97
2385,132791.62
2386,121482.586
2387,121195.79
2388,90969.49
2389,116991.625
2390,123620.51
2391,117132.02
2392,103709.72
2393,145875.22
2394,122153.266
2395,152019.94
2396,122772.34
2397,168532.52
2398,103591.92
2399,59700.67
2400,56027.52
2401,99553.13
2402,119576.23
2403,114409.58
2404,125523.984
2405,135927.0
2406,114176.96
2407,112886.305
2408,119352.85
2409,115015.85
2410,144529.27
2411,110216.516
2412,134024.31
2413,120763.99
2414,119857.305
2415,111172.29
2416,112499.87
2417,112054.65
2418,107762.164
2419,103511.49
2420,109556.04
2421,130199.21
2422,105689.195
2423,107773.74
2424,119191.99
2425,164264.36
2426,105044.625
2427,122896.97
2428,146505.6
2429,105812.28
2430,110603.766
2431,105259.29
2432,116007.92
2433,122967.44
2434,122807.055
2435,123073.28
2436,97063.97
2437,101860.375
2438,109867.055
2439,98850.27
2440,106465.48
2441,94236.46
2442,90216.11
2443,103295.24
2444,107720.58
2445,72055.52
2446,109190.47
2447,173830.94
2448,120659.99
2449,98929.67
2450,126836.7
2451,108555.59
2452,158223.67
2453,84535.55
2454,108214.734
2455,90490.9
2456,114722.29
2457,98594.12
2458,94310.88
2459,96805.234
2460,115336.14
2461,100990.66
2462,113437.59
2463,102523.43
2464,139611.42
2465,112413.94
2466,98339.19
2467,132330.69
2468,72925.375
2469,72055.17
2470,142766.45
2471,149459.14
2472,147196.42
2473,100476.375
2474,92079.31
2475,173951.84
2476,94912.94
2477,110847.85
2478,131579.08
2479,102435.51
2480,116017.5
2481,104225.66
2482,109925.03
2483,105174.195
2484,105557.484
2485,108094.38
2486,127986.195
2487,143136.47
2488,129796.54
2489,131060.73
2490,126143.82
2491,82220.54
2492,154219.14
2493,124064.45
2494,137013.7
2495,87511.625
2496,202359.0
2497,131700.36
2498,106869.34
2499,82354.195
2500,108727.48
2501,114795.555
2502,129490.336
2503,85875.87
2504,178771.81
2505,185277.95
2506,217787.86
2507,224804.11
2508,217895.11
2509,189776.78
2510,208152.7
2511,158119.53
2512,184086.16
2513,187355.58
2514,190027.8
2515,125091.85
2516,135063.58
2517,117681.72
2518,125993.586
2519,190621.22
2520,171092.0
2521,165568.34
2522,185020.33
2523,117925.89
2524,120190.38
2525,123370.586
2526,120154.336
2527,105412.64
2528,115500.445
2529,118374.68
2530,111132.234
2531,200816.88
2532,187864.97
2533,178155.62
2534,200932.42
2535,260723.48
2536,194466.31
2537,197674.81
2538,157072.34
2539,160445.6
2540,150428.72
2541,156749.56
2542,147145.89
2543,108855.2
2544,108044.75
2545,106998.28
2546,120563.484
2547,113978.95
2548,120957.86
2549,131490.77
2550,168004.47
2551,119682.94
2552,102822.44
2553,74083.6
2554,99606.26
2555,96441.89
2556,92545.836
2557,99583.05
2558,142710.97
2559,136543.6
2560,118555.055
2561,129710.51
2562,129139.67
2563,137863.9
2564,158961.27
2565,122208.93
2566,157781.73
2567,118526.54
2568,167608.92
2569,168631.2
2570,106375.36
2571,159867.89
2572,158351.6
2573,187571.84
2574,263452.53
2575,108158.195
2576,115297.766
2577,125566.62
2578,90014.62
2579,75634.125
2580,112891.25
2581,116851.7
2582,101739.61
2583,227186.05
2584,137452.45
2585,148655.64
2586,163028.92
2587,158275.19
2588,135913.14
2589,120947.18
2590,191133.73
2591,190557.98
2592,189031.73
2593,213637.25
2594,159822.2
2595,180735.84
2596,301943.66
2597,164035.97
2598,232240.34
2599,266313.62
2600,117629.91
2601,117884.914
2602,77847.17
2603,84285.41
2604,80275.22
2605,74347.92
2606,121442.875
2607,141701.5
2608,160551.53
2609,135346.44
2610,102423.48
2611,122918.62
2612,127936.74
2613,110188.11
2614,110825.33
2615,129272.43
2616,116482.07
2617,136325.42
2618,144076.28
2619,170250.92
2620,157803.48
2621,155985.55
2622,161079.27
2623,215184.97
2624,221039.84
2625,292900.12
2626,140984.36
2627,159850.95
2628,375828.3
2629,392627.6
2630,304783.66
2631,395242.38
2632,378062.25
2633,257021.94
2634,334669.06
2635,128114.336
2636,168861.3
2637,145332.0
2638,206287.02
2639,168974.36
2640,128460.25
2641,96847.24
2642,143607.47
2643,100173.84
2644,115965.1
2645,90644.445
2646,89328.445
2647,88903.09
2648,127858.65
2649,129579.83
2650,132403.6
2651,124467.62
2652,361970.97
2653,221057.1
2654,217872.75
2655,319154.94
2656,258043.03
2657,273484.38
2658,240800.73
2659,273274.97
2660,278030.47
2661,298099.3
2662,268644.5
2663,243081.5
2664,233154.78
2665,280444.72
2666,239617.81
2667,148630.83
2668,158843.05
2669,152869.17
2670,249023.0
2671,158110.9
2672,155866.61
2673,178325.02
2674,172554.2
2675,147856.0
2676,162968.27
2677,171263.39
2678,210365.72
2679,245133.98
2680,242871.05
2681,378083.5
2682,311272.9
2683,410670.03
2684,270443.5
2685,314307.3
2686,223665.88
2687,287465.22
2688,203844.17
2689,187176.9
2690,376711.44
2691,165345.48
2692,123131.78
2693,170714.83
2694,120751.52
2695,164086.73
2696,158753.17
2697,162281.47
2698,176873.25
2699,162287.48
2700,144743.95
2701,135301.0
2702,100604.56
2703,117282.78
2704,120066.04
2705,111150.695
2706,105300.27
2707,108189.65
2708,118038.73
2709,103647.805
2710,111028.77
2711,240564.03
2712,327059.9
2713,152798.7
2714,140941.9
2715,148972.97
2716,141508.56
2717,161455.45
2718,206653.98
2719,137814.72
2720,159325.88
2721,123744.766
2722,129156.29
2723,124920.39
2724,111143.055
2725,120254.46
2726,123612.4
2727,143822.44
2728,140130.88
2729,132741.72
2730,122534.445
2731,103677.38
2732,100719.6
2733,134962.72
2734,124370.414
2735,119249.625
2736,119034.51
2737,108987.9
2738,113147.09
2739,135909.53
2740,117895.766
2741,126731.1
2742,132909.95
2743,125314.03
2744,126017.83
2745,115423.71
2746,115524.33
2747,137417.52
2748,108036.08
2749,110977.375
2750,116822.06
2751,113464.3
2752,168712.4
2753,130295.83
2754,154203.19
2755,107913.586
2756,85396.68
2757,71368.74
2758,76790.78
2759,138758.97
2760,108380.88
2761,123948.87
2762,125142.23
2763,148707.02
2764,141108.08
2765,192022.95
2766,121075.6
2767,80800.266
2768,106342.76
2769,112593.76
2770,130867.36
2771,108195.69
2772,109513.17
2773,121497.195
2774,121168.34
2775,113159.43
2776,117349.81
2777,130696.04
2778,108211.8
2779,105388.88
2780,90795.69
2781,91441.83
2782,86047.65
2783,93161.48
2784,107171.305
2785,118135.16
2786,66370.08
2787,102092.67
2788,77333.91
2789,169929.34
2790,82025.83
2791,100666.88
2792,58785.176
2793,134765.83
2794,90616.555
2795,104221.75
2796,91303.83
2797,141031.08
2798,98304.01
2799,103188.72
2800,68500.375
2801,101431.89
2802,121922.445
2803,128586.59
2804,117806.62
2805,81714.68
2806,83276.64
2807,131019.016
2808,127067.1
2809,112431.89
2810,120389.14
2811,125072.39
2812,117252.43
2813,121780.45
2814,132821.84
2815,88173.01
2816,202745.42
2817,122860.17
2818,110120.17
2819,149081.17
2820,121052.93
2821,93120.94
2822,146713.58
2823,193065.84
2824,143013.1
2825,121887.98
2826,113868.82
2827,126827.32
2828,179097.6
2829,158891.95
2830,201872.84
2831,162072.73
2832,196913.95
2833,250772.8
2834,185620.97
2835,186592.44
2836,163968.88
2837,148102.39
2838,124348.98
2839,155128.66
2840,166536.45
2841,177749.2
2842,196065.9
2843,136711.48
2844,133930.4
2845,112536.66
2846,181269.48
2847,168001.98
2848,192229.89
2849,183778.05
2850,234754.78
2851,209324.16
2852,196455.25
2853,192068.86
2854,124803.44
2855,170072.06
2856,182097.64
2857,163968.88
2858,169155.33
2859,107543.78
2860,105327.45
2861,112882.016
2862,158075.86
2863,105545.43
2864,210297.75
2865,119967.586
2866,130399.28
2867,82613.98
2868,99332.164
2869,106317.055
2870,137120.36
2871,89815.516
2872,56938.465
2873,95986.28
2874,123904.92
2875,104900.09
2876,133947.64
2877,120735.22
2878,154153.0
2879,119966.336
2880,91477.125
2881,139121.83
2882,143562.28
2883,154461.6
2884,160910.73
2885,159336.14
2886,167143.45
2887,93608.43
2888,108201.97
2889,58482.934
2890,75516.09
2891,119939.71
2892,59776.98
2893,97197.016
2894,60323.48
2895,277905.6
2896,240089.55
2897,156535.62
2898,127022.41
2899,199232.39
2900,130866.73
2901,171930.36
2902,159927.8
2903,308147.03
2904,300832.34
2905,97021.6
2906,160445.84
2907,95176.47
2908,111569.06
2909,116821.32
2910,74068.28
2911,77290.055
2912,124623.85
2913,82585.51
2914,75238.09
2915,76913.984
2916,80947.45
2917,134483.62
2918,105825.81
2919,172029.6
